flash.swf       1             26             26          2          16443          16469          3              1          16470    
      4              1          16471    
      5              1          16472    
      6              5          16477          7             30          16507    
                                   0             0                     0
                                   0             0                     0
                                   0             0                     0
                                   0             0                     0

                                   0             0                     0
                                   0             0                     0
                                   0             0                     0
                                   0             0                     0

                           16391      178560   JPEG 



